# Hessian of 3x3x3 water cube (optimized geometry)

run_type hess
units bohr

fragment H2O_L
  -9.327564e-02  -6.986061e-02   3.941026e-01   1.740320e+00   1.308781e+00   2.208244e+00

fragment H2O_L
   1.618496e-01   1.253630e+00   5.990551e+00   2.279887e+00   2.396220e-01   5.831774e-03

fragment H2O_L
  -4.790778e-01  -4.709378e-01   1.096702e+01  -2.459060e+00   1.341850e+00   7.475952e-01

fragment H2O_L
   6.369719e-01   5.409856e+00  -4.246497e-01   2.057564e+00   1.875613e+00   2.162845e+00

fragment H2O_L
   1.657808e+00   6.317701e+00   4.481191e+00   2.370062e+00   2.545154e+00   3.090957e+00

fragment H2O_L
   1.441855e+00   4.427286e+00   1.224331e+01  -2.079055e+00   2.531471e+00   1.035064e+00

fragment H2O_L
  -3.305043e-01   1.070876e+01   8.256329e-01  -1.067377e+00   1.715959e+00  -2.063391e+00

fragment H2O_L
   2.231588e-01   1.096233e+01   6.269031e+00   6.552898e-01   1.634403e+00   2.566858e+00

fragment H2O_L
  -6.079526e-01   9.183759e+00   1.110048e+01   1.928357e+00   2.154969e+00  -2.678203e+00

fragment H2O_L
   5.189265e+00  -6.327823e-01  -2.978247e-01   7.363437e-02   2.488188e+00  -6.944240e-01

fragment H2O_L
   5.197390e+00  -5.689188e-02   4.859058e+00  -1.075417e+00   1.630060e+00   1.184151e+00

fragment H2O_L
   4.832968e+00   6.693407e-01   1.033404e+01  -2.864280e+00   8.213955e-01  -2.968610e+00

fragment H2O_L
   4.802726e+00   4.018537e+00  -3.204884e+00  -3.274755e-01   1.558932e+00  -1.089205e+00

fragment H2O_L
   6.086214e+00   4.863062e+00   6.799027e+00   1.471914e+00   1.481306e+00  -2.355409e+00

fragment H2O_L
   6.250927e+00   6.671463e+00   1.192312e+01   3.097555e+00   1.143437e+00  -2.764436e+00

fragment H2O_L
   5.257511e+00   1.034028e+01   1.343899e+00   1.823700e+00   2.891980e+00  -8.479271e-01

fragment H2O_L
   5.001654e+00   1.333292e+01   5.451244e+00  -1.748606e+00   1.885406e+00  -3.809599e-01

fragment H2O_L
   7.120479e+00   1.174492e+01   1.019566e+01   1.048697e+00   2.051717e+00  -9.417530e-01

fragment H2O_L
   1.026353e+01   1.187641e+00   1.556072e+00   8.855424e-01   2.051641e+00  -2.266595e+00

fragment H2O_L
   1.280548e+01   1.064526e+00   6.473332e+00   1.102477e-01   2.580753e-03   2.186646e+00

fragment H2O_L
   1.003801e+01   8.303683e-01   1.129600e+01   9.498843e-01   1.063495e+00   1.106064e+00

fragment H2O_L
   8.431747e+00   6.090781e+00   2.719317e-01   1.732770e+00   2.120271e+00  -1.153471e+00

fragment H2O_L
   1.130322e+01   5.969458e+00   6.621176e+00   4.183822e-01   2.503926e+00  -1.404800e-01

fragment H2O_L
   1.142371e+01   6.283519e+00   1.172803e+01   1.005135e+00   1.513612e+00   9.396769e-01

fragment H2O_L
   1.074097e+01   1.103022e+01   5.626968e-01  -9.036445e-01   1.897194e-01  -2.776475e-01

fragment H2O_L
   1.341603e+01   1.012076e+01   5.085638e+00  -1.074962e+00   1.342085e+00  -1.586213e+00

fragment H2O_L
   1.229515e+01   1.181716e+01   1.022295e+01  -3.140804e+00   2.615037e+00   2.540360e+00
