run_type md
units bohr
max_steps 100000
print_step 50

fragment H2O_L
   3.235684e+00   4.694220e-01  -2.561867e+00  -2.578033e+00   1.902304e+00   1.503833e+00
velocity
  -2.097672e-05   5.545457e-05  -2.095251e-05   3.050704e-04  -1.144838e-05   1.731457e-04

fragment H2O_L
   5.678044e-01   1.090736e+00   2.032516e+00   4.292560e-01   1.900609e+00  -2.939786e+00
velocity
   1.100095e-04  -2.438590e-05   8.864601e-05  -5.195050e-05  -3.641603e-05  -1.777284e-05

fragment H2O_L
   4.354502e-01  -6.663242e-01   1.086760e+01   2.077632e+00   1.537303e+00   1.967894e+00
velocity
  -1.331550e-04  -1.143965e-04   1.455814e-04  -2.650547e-04  -1.518118e-04   8.847888e-05

fragment H2O_L
   4.066656e-01   2.012824e-01   1.593434e+01   2.666898e+00   2.684801e+00  -3.001110e+00
velocity
  -8.347850e-05  -6.837089e-05  -1.025448e-04   6.969858e-05   5.098081e-05  -1.591771e-04

fragment H2O_L
   3.327780e+00   5.877751e+00   2.125745e-01   8.846340e-02   6.060370e-01   5.129115e-01
velocity
   2.644428e-05   2.495659e-06   4.824863e-05   2.373311e-04  -2.426732e-05  -2.426159e-05

fragment H2O_L
  -1.913751e+00   3.169890e+00   7.791606e+00  -2.706796e+00   1.091217e+00   2.720474e-01
velocity
   4.205995e-05  -5.562368e-05  -4.847307e-05  -1.192993e-04   2.285735e-04   2.142851e-04

fragment H2O_L
  -1.025953e+00   6.506726e+00   1.197503e+01  -2.069143e+00   1.628463e+00   1.787551e+00
velocity
  -2.046387e-04  -7.779000e-05  -1.275266e-04  -5.765262e-05  -5.588992e-05  -4.097289e-05

fragment H2O_L
  -1.309039e+00   5.288857e+00   1.744146e+01  -2.813627e+00   2.071343e+00  -2.674595e+00
velocity
   7.339050e-05   6.780043e-05  -2.050629e-04  -4.174508e-04  -2.232326e-05   1.435873e-04

fragment H2O_L
   1.940150e+00   1.117659e+01  -6.837781e-01   1.915836e+00   4.824397e-01  -2.901492e+00
velocity
   3.721031e-05  -6.967462e-05   1.715052e-04   1.476227e-04  -1.848436e-04   1.483401e-04

fragment H2O_L
  -3.383015e-01   6.465303e+00   4.181286e+00  -2.325873e+00   2.435154e+00  -1.234531e+00
velocity
   9.272409e-05   1.020531e-04   9.618945e-05   2.073917e-04  -1.300501e-04   1.082627e-04

fragment H2O_L
   3.728405e-01   1.191434e+01   1.119232e+01  -2.210325e+00   1.717132e+00   1.029211e+00
velocity
   4.293952e-05   4.791063e-05  -1.684147e-05  -8.729104e-05   2.088494e-04   4.091082e-05

fragment H2O_L
   2.888501e+00   1.202451e+01   1.594160e+01   2.797657e+00   1.604493e+00  -8.437727e-01
velocity
  -1.535487e-04  -3.324127e-05   1.076059e-04   6.961064e-05   1.081679e-04   1.133838e-04

fragment H2O_L
  -1.106545e+00   1.515629e+01   2.053350e+00   3.530187e-01   3.101291e+00   3.991096e-01
velocity
  -4.217152e-05   2.274931e-05  -2.596367e-04  -3.090986e-04   3.110107e-04  -4.402624e-05

fragment H2O_L
   7.408676e-01   1.157017e+01   5.656446e+00  -1.952940e-01   2.352545e+00   1.793286e-01
velocity
  -4.332758e-05   1.205655e-04   2.191623e-05  -4.003906e-05  -1.988755e-05  -1.144837e-04

fragment H2O_L
   1.844977e+00   1.711764e+01   1.209182e+01   1.128209e+00   1.286938e+00  -2.511719e+00
velocity
  -4.071330e-05   8.770772e-05  -6.740098e-05  -2.820106e-04  -1.162907e-04  -2.552883e-04

fragment H2O_L
   1.751338e+00   1.715815e+01   1.758997e+01  -1.170469e+00   5.018327e-01   2.200783e+00
velocity
   1.594379e-05   2.582920e-04  -5.033583e-05  -8.174693e-05   6.005301e-05  -1.876596e-04

fragment H2O_L
   7.412433e+00  -4.312184e-02   8.980652e-01   6.555721e-02   1.335135e+00  -1.668857e+00
velocity
  -2.544082e-05  -1.125664e-05  -1.288879e-04   2.880852e-04  -4.333207e-05   8.093540e-05

fragment H2O_L
   4.947535e+00   1.616607e+00   5.137382e+00   1.309857e+00   1.783377e+00   2.565292e+00
velocity
   4.203603e-05  -1.381516e-04  -1.667426e-04  -1.812498e-04  -1.288577e-04   1.775362e-04

fragment H2O_L
   5.447989e+00  -3.430189e-01   9.725746e+00   2.534296e-01   1.222049e+00  -2.785377e+00
velocity
  -6.327270e-05  -3.493323e-05   1.267149e-04   4.995188e-05  -1.460215e-04  -8.730990e-05

fragment H2O_L
   5.840393e+00   1.638208e+00   1.711406e+01  -2.148257e-01   1.794979e+00   1.629314e+00
velocity
   2.763251e-05   2.361402e-06  -1.108842e-04   1.791254e-04  -2.296218e-04  -2.396921e-05

fragment H2O_L
   8.617216e+00   5.196758e+00   1.423992e-01   1.454480e+00   2.068781e+00  -2.513867e+00
velocity
   2.369787e-05  -7.417498e-05   4.860975e-06   4.312726e-05   1.576469e-04  -1.399066e-04

fragment H2O_L
   6.324841e+00   6.678861e+00   6.387162e+00  -1.030682e+00   1.877249e+00  -1.866910e+00
velocity
  -5.904582e-05  -7.903092e-05   6.074368e-05   1.428795e-04   3.315441e-04   1.305246e-05

fragment H2O_L
   4.134566e+00   7.487133e+00   1.126685e+01  -3.026035e+00   1.123099e+00   2.691337e+00
velocity
   2.471010e-05   6.240178e-05  -3.694467e-05   1.482457e-04   3.812862e-05  -1.888481e-04

fragment H2O_L
   3.716883e+00   6.374871e+00   1.688763e+01   1.603335e+00   2.675370e+00  -3.025322e+00
velocity
  -1.090933e-05   3.901402e-05   1.116853e-04  -1.398547e-04  -1.392825e-04  -6.543905e-05

fragment H2O_L
   5.518614e+00   1.506172e+01  -2.111008e+00  -2.406523e+00   2.111169e+00   2.202274e+00
velocity
  -4.005837e-05  -1.128739e-04  -1.660513e-04  -3.256749e-05   1.188522e-04  -3.224848e-07

fragment H2O_L
   5.592884e+00   1.125566e+01   3.425220e+00  -2.544871e+00   1.260661e+00  -7.656570e-01
velocity
   3.389268e-05   6.470359e-07   1.128799e-04   4.462879e-04  -5.518995e-05  -1.091558e-04

fragment H2O_L
   6.201057e+00   1.230922e+01   9.545347e+00  -2.205867e+00   1.422624e+00   2.767959e+00
velocity
  -8.273964e-05  -5.677870e-05   6.321439e-05  -1.364705e-04  -2.321310e-04   3.187729e-04

fragment H2O_L
   8.015223e+00   1.012273e+01   1.743617e+01  -3.934063e-01   2.239524e+00   1.470936e+00
velocity
  -8.755492e-05   8.936663e-06   1.325630e-04  -1.630113e-05   3.642908e-05   1.116238e-05

fragment H2O_L
   3.767613e+00   1.740773e+01   2.444831e+00  -1.939393e+00   1.333743e+00  -2.311039e+00
velocity
   3.414722e-05  -1.982255e-04  -2.314474e-04  -8.019400e-05  -3.701053e-05   2.542364e-04

fragment H2O_L
   4.748101e+00   1.685200e+01   7.597807e+00   1.936840e+00   1.018521e+00  -2.926307e+00
velocity
   2.936450e-05   8.435753e-07  -4.727226e-05   2.064578e-04   1.306043e-05  -1.967257e-04

fragment H2O_L
   7.317345e+00   1.600459e+01   1.313720e+01   2.825623e+00   1.491500e+00   2.220443e+00
velocity
  -5.121345e-05  -1.862711e-04   7.535640e-05  -1.575564e-04   1.226848e-04   1.468792e-05

fragment H2O_L
   7.778645e+00   1.545864e+01   1.828745e+01   7.114149e-01   2.772463e+00   3.010023e+00
velocity
   1.227517e-04  -7.692320e-05   3.330313e-05  -1.831697e-04  -2.824255e-05  -8.693991e-05

fragment H2O_L
   1.205947e+01  -1.106521e+00   3.149275e+00   2.351854e+00   2.383548e+00  -6.275789e-01
velocity
   1.130213e-05   8.665425e-05   1.396036e-04  -1.704914e-04  -2.719033e-04  -5.606336e-06

fragment H2O_L
   1.078905e+01   1.864009e+00   7.553952e+00   4.342994e-01   9.558727e-01  -1.198411e+00
velocity
   4.494286e-05   4.629294e-05   9.495825e-06  -2.724077e-04  -6.945256e-05  -1.691279e-04

fragment H2O_L
   9.113285e+00   1.905085e+00   1.314687e+01   6.514374e-01   2.963978e+00   2.028184e+00
velocity
   4.974290e-05   1.724464e-04   1.053807e-04   3.130529e-06  -1.491654e-04   2.748757e-04

fragment H2O_L
   1.122787e+01   1.225136e+00   1.968929e+01   2.677219e+00   1.897697e+00  -1.074377e+00
velocity
  -1.531055e-04  -7.302243e-06  -1.034964e-04   6.055741e-05   8.113731e-05   1.136545e-04

fragment H2O_L
   1.106274e+01   8.274174e+00  -3.558079e+00  -2.600322e-01   2.480513e+00   2.548239e+00
velocity
  -1.204520e-04  -2.363784e-04  -1.545126e-04   2.080515e-04   3.348004e-05   8.381838e-06

fragment H2O_L
   1.128911e+01   6.487130e+00   4.680144e+00  -3.499063e-01   2.231009e+00   2.924131e+00
velocity
   5.916715e-05  -5.444863e-05  -9.711298e-05  -3.785156e-04  -2.717503e-05   4.482549e-05

fragment H2O_L
   1.160353e+01   6.477900e+00   1.324606e+01   1.762106e+00   1.729727e+00   1.912061e+00
velocity
  -1.134907e-04   2.789873e-05   9.732933e-05  -2.900718e-04  -1.562502e-04   1.340977e-04

fragment H2O_L
   1.181996e+01   6.632684e+00   1.893766e+01  -2.076231e+00   6.295756e-01   3.108863e+00
velocity
   1.006784e-04  -2.758838e-05   2.143363e-04   1.612374e-04  -1.227797e-04  -9.319802e-07

fragment H2O_L
   1.036056e+01   1.313930e+01  -1.616433e+00  -7.199627e-01   6.590079e-01  -2.484497e-01
velocity
  -1.584791e-04   7.164064e-05  -8.431696e-05   1.811548e-04   5.334675e-05   2.284403e-04

fragment H2O_L
   1.131488e+01   1.179205e+01   3.289568e+00  -1.405717e+00   1.480630e+00   6.579195e-01
velocity
  -5.949443e-06  -9.799706e-05  -3.123448e-05  -1.116487e-04  -7.350240e-05   3.322051e-05

fragment H2O_L
   1.115144e+01   1.015710e+01   9.349743e+00  -3.804843e-01   1.624050e+00  -1.098492e-01
velocity
   4.684624e-05  -9.860698e-05   1.773132e-04   6.238880e-05  -5.764947e-05  -1.525551e-04

fragment H2O_L
   1.199500e+01   1.182623e+01   1.447278e+01   1.442065e+00   1.524717e+00   9.792535e-01
velocity
  -2.360542e-06  -1.377335e-05   2.286795e-04  -1.582871e-04   4.613225e-05  -1.519272e-04

fragment H2O_L
   1.107003e+01   1.844520e+01   1.541750e+00   1.107396e+00   1.322085e+00  -2.160487e+00
velocity
  -9.865096e-05   1.069803e-04   8.982302e-05   5.702743e-05   1.860786e-04  -5.893794e-06

fragment H2O_L
   9.950466e+00   1.829632e+01   6.717668e+00  -1.422591e-01   2.670566e+00  -2.923648e+00
velocity
  -2.805319e-05   4.845076e-06   5.197477e-05   9.039026e-05  -2.685183e-04  -3.381769e-05

fragment H2O_L
   1.162912e+01   1.908063e+01   1.191775e+01   4.409328e-01   2.305570e+00  -7.466660e-01
velocity
   2.369492e-04   5.026801e-05   1.494127e-04   2.353701e-04   9.461601e-05   5.688252e-05

fragment H2O_L
   1.289676e+01   1.673250e+01   1.676165e+01   4.458818e-01   2.476300e+00   1.183591e+00
velocity
   1.516178e-04   1.823131e-04   2.098612e-04   2.004796e-04   4.758084e-06   1.867741e-05

fragment H2O_L
   1.685465e+01  -2.018686e+00   5.241743e+00   2.134825e+00   1.607281e+00  -2.655203e+00
velocity
   2.893406e-05   4.946051e-05   3.146498e-05  -4.671684e-05   8.156616e-05  -6.514391e-05

fragment H2O_L
   1.545446e+01   3.777561e-01   9.628225e+00  -1.444214e+00   3.419240e-01  -1.425278e+00
velocity
   7.213933e-05  -2.442018e-05  -1.944017e-04   3.868425e-05   2.026770e-04   1.721193e-04

fragment H2O_L
   1.323465e+01  -1.184982e+00   1.442154e+01  -2.869372e+00   1.816892e+00  -1.365383e+00
velocity
   5.651556e-05   2.534346e-04  -9.463181e-05   2.769421e-04   1.348093e-05  -6.381655e-05

fragment H2O_L
   1.663659e+01   1.175009e+00   1.808149e+01  -3.112875e+00   5.855320e-01  -1.332824e+00
velocity
   7.371111e-05   4.099805e-06   1.421202e-04   1.944132e-04   1.250251e-04   6.591922e-05

fragment H2O_L
   1.725360e+01   8.956867e+00  -3.470104e+00  -1.535120e+00   2.339328e+00  -7.637949e-01
velocity
  -8.384641e-05   2.073200e-04  -5.057761e-05   1.609999e-04  -8.378835e-05  -4.553308e-05

fragment H2O_L
   1.530782e+01   2.997865e+00   3.834334e+00  -1.127068e+00   3.278268e-01   1.274014e+00
velocity
  -1.075025e-04   4.104570e-05   5.114135e-05  -6.110542e-05   7.182976e-06  -1.807685e-05

fragment H2O_L
   1.644767e+01   5.396016e+00   1.080620e+01   2.650889e+00   8.365468e-01   1.228496e+00
velocity
  -3.117941e-05  -1.720164e-04  -5.305102e-05  -7.182573e-05  -1.253019e-05   5.726663e-05

fragment H2O_L
   1.857915e+01   4.976646e+00   1.540954e+01  -1.194880e+00   1.438237e+00  -9.519133e-01
velocity
  -6.898245e-05  -1.911328e-04   6.299086e-05  -6.638561e-05  -4.407841e-05  -1.197677e-04

fragment H2O_L
   1.567251e+01   1.353672e+01  -1.164034e+00   2.970640e+00   1.043105e+00   2.167400e+00
velocity
   8.397489e-05   1.687885e-04  -1.509180e-04  -8.211877e-05  -1.777308e-04   2.227192e-04

fragment H2O_L
   1.544796e+01   8.005157e+00   1.510939e+00  -1.660248e+00   2.265197e+00   8.611068e-01
velocity
   1.686090e-04   1.097876e-04  -1.071745e-04   3.482214e-05  -3.443052e-04  -7.832840e-05

fragment H2O_L
   1.588738e+01   9.230872e+00   6.633604e+00   1.217680e+00   1.455529e+00   7.627813e-01
velocity
   2.966723e-05  -4.273138e-06  -4.272864e-05   1.538923e-05  -4.398542e-05  -3.601777e-04

fragment H2O_L
   1.639192e+01   9.557568e+00   1.741748e+01   1.107838e+00   2.523094e+00   8.465732e-01
velocity
   1.057571e-04  -1.957263e-04   4.015158e-05   4.764390e-04  -1.947969e-04  -1.519290e-04

fragment H2O_L
   1.619590e+01   1.879053e+01   3.129832e+00  -1.062224e-01   1.466884e+00  -9.602870e-02
velocity
  -7.132547e-05   1.734087e-04  -1.533427e-04  -6.515069e-05  -2.975595e-05  -3.350375e-05

fragment H2O_L
   1.462036e+01   1.474727e+01   6.335684e+00  -2.212895e+00   1.314704e+00  -3.449451e-02
velocity
   1.319239e-05   5.952777e-05  -8.356554e-05  -2.374469e-05  -1.074146e-04   5.012934e-05

fragment H2O_L
   1.563432e+01   1.574546e+01   1.166879e+01  -7.579300e-01   1.311481e+00  -6.364840e-01
velocity
  -2.143535e-05  -1.468123e-04   4.653582e-05   3.122534e-04   1.058368e-04  -1.084833e-04

fragment H2O_L
   1.808913e+01   1.512222e+01   1.643762e+01  -2.718823e+00   1.332105e+00  -8.039211e-01
velocity
   9.435613e-05  -1.286719e-05  -6.055926e-05   3.809975e-05   3.030126e-05   1.792557e-04
